l;618;109;0;0;0;691;275
c;805;182;0;0;0;5
c;848;140;0;0;0;82
l;1075;131;0;0;0;983;268
l;847;223;0;0;0;844;464
l;691;275;0;0;0;842;416
l;983;267;0;0;0;845;319
pl;841;468;0;0;0;5;920;545;1015;565;696;593;636;607
r;651;626;0;0;0;355;28
r;651;655;0;0;0;363;94
l;1011;654;0;0;0;1005;629
l;841;462;0;0;0;1142;537
o;825;54;102;102;255;32;11
o;786;54;102;102;255;33;29
o;722;84;102;102;255;54;34
o;749;128;102;102;255;57;42
o;863;43;0;255;204;54;28
o;933;24;0;255;204;80;51
o;936;80;0;255;204;65;66
o;974;147;0;255;204;42;30
c;834;105;0;255;204;37
