c;937;375;0;0;0;70
c;938;273;0;0;0;104
c;940;377;0;0;0;125
c;933;381;0;0;0;258
c;934;386;0;0;0;102
c;895;394;0;0;0;73
c;877;403;0;0;0;89
c;822;415;0;0;0;108
c;785;419;0;0;0;115
c;743;433;0;0;0;119
c;745;429;0;0;0;196
c;688;442;0;0;0;172
c;566;458;0;0;0;77
r;94;323;0;0;0;344;282
r;164;235;0;0;0;327;255
l;166;235;0;0;0;96;325
l;490;236;0;0;0;436;325
l;490;490;0;0;0;437;602
l;165;488;0;0;0;93;602
c;1498;496;0;0;0;134
o;1497;363;0;0;0;134;264
c;1511;409;0;0;0;310
c;937;375;0;0;0;70
c;938;273;0;0;0;104
c;940;377;0;0;0;125
c;933;381;0;0;0;258
c;934;386;0;0;0;102
c;895;394;0;0;0;73
c;877;403;0;0;0;89
c;822;415;0;0;0;108
c;785;419;0;0;0;115
c;743;433;0;0;0;119
c;745;429;0;0;0;196
c;688;442;0;0;0;172
c;566;458;0;0;0;77
r;94;323;0;0;0;344;282
r;164;235;0;0;0;327;255
l;166;235;0;0;0;96;325
l;490;236;0;0;0;436;325
l;490;490;0;0;0;437;602
l;165;488;0;0;0;93;602
c;1498;496;0;0;0;134
o;1497;363;0;0;0;134;264
c;1511;409;0;0;0;310
l;130;158;0;0;0;341;88
p;248;129;0;0;0
l;191;44;0;0;0;236;215
o;500;300;192;192;192;200;150
c;200;500;255;0;0;340
p;110;120;0;25;0
l;100;50;200;100;200;210;300
p;2;2;255;0;0
l;2;3;255;0;0;8;10
c;10;20;0;255;255;10
o;15;50;0;0;255;5;10
l;500;300;192;192;192;200;150
c;200;500;255;0;0;340
p;110;120;0;25;0
l;100;50;200;100;200;210;300
o;500;300;192;192;192;200;150
c;200;500;255;0;0;340
p;110;120;0;25;0
l;100;50;200;100;200;210;300
