l;263;44;0;0;0;798;423
l;675;2;0;0;0;831;410
l;858;407;0;0;0;855;405
l;829;3;0;0;0;857;405
l;920;6;0;0;0;884;405
l;1100;9;0;0;0;924;399
l;1240;12;0;0;0;944;420
l;1371;40;0;0;0;984;463
l;962;485;0;0;0;1385;472
l;942;505;0;0;0;1299;671
l;913;529;0;0;0;1049;807
l;863;533;0;0;0;806;775
l;813;507;0;0;0;529;744
l;786;471;0;0;0;308;479
l;790;434;0;0;0;20;298
l;903;407;0;0;0;995;20
l;918;408;0;0;0;926;393
l;952;434;0;0;0;1251;92
l;931;519;0;0;0;1413;794
l;890;527;0;0;0;923;838
l;786;482;0;0;0;292;618
l;533;61;0;0;0;812;416
l;840;525;0;0;0;666;797
l;793;496;0;0;0;265;736
l;922;528;0;0;0;1234;746
o;873;408;0;0;0;10;55
o;960;488;0;0;0;177;86
o;944;472;0;0;0;131;68
o;869;469;0;0;0;120;70
o;1138;505;0;0;0;186;63
o;1219;506;0;0;0;170;37
o;1324;517;0;0;0;23;9
o;1215;515;0;0;0;85;39
o;1391;520;0;0;0;114;20
c;1415;394;0;0;0;502
c;1461;278;0;0;0;393
c;1386;257;0;0;0;128
c;1385;241;0;0;0;66
c;1375;226;0;0;0;43
c;1363;201;0;0;0;23
c;1363;201;0;0;0;5
c;1363;198;0;0;0;0
c;1381;233;0;0;0;19
c;1340;197;0;0;0;27
c;994;449;0;0;0;118
r;3;9;0;0;0;1832;875
r;31;34;0;0;0;1760;802
r;45;45;0;0;0;1705;754
r;56;57;0;0;0;1642;710
r;65;67;0;0;0;1564;667
r;78;80;0;0;0;1504;607
r;89;97;0;0;0;1457;567
r;223;190;0;0;0;1208;404
r;327;262;0;0;0;982;264
c;85;108;255;0;102;575
c;147;110;255;0;102;211
c;46;8;255;0;102;159
c;540;22;255;0;102;734
c;201;517;255;0;102;375
c;286;121;255;0;102;519
c;226;128;255;0;102;165
pl;89;94;255;0;102;11;248;143;80;109;198;349;522;210;412;633;132;698;865;466;877;367;1012;281;1382;230
l;52;37;0;102;102;771;440
pl;297;142;0;102;102;2;569;433
